97
1 N
2 N
3 N
4 N
5 N
6 N
7 N
8 N
9 N
10 N
11 N
12 N
13 N
14 N
15 N
16 N
17 N
18 N
19 N
20 N
21 N
22 F
23 N
24 N
25 N
26 N
27 N
28 F
29 N
30 F
31 N
32 N
33 N
34 N
35 N
36 N
37 N
38 N
39 N
40 N
41 F
42 N
43 N
44 N
45 N
46 N
47 N
48 N
49 N
50 N
51 N
52 N
53 N
54 N
55 N
56 N
57 N
58 N
59 N
60 N
61 N
62 N
63 N
64 N
65 N
66 N
67 F
68 N
69 N
70 N
71 N
72 N
73 N
74 N
75 N
76 N
77 N
78 N
79 N
80 N
81 N
82 N
83 N
84 N
85 F
86 N
87 N
88 N
89 N
90 N
91 N
92 N
93 N
94 F
95 N
96 N
97 N
194
9 0.1 0.3 361.3 35 0.7 0.2 -135.4
64 0.1 0.5 8.7 33 0.4 0.5 -334.7
77 0.3 0.5 486.0 80 0.5 0.3 -111.2
90 0.4 0.4 296.0 48 0.2 0.1 -443.9
88 0.4 0.7 47.7 66 0.5 0.1 -112.7
46 0.9 0.7 234.7 78 0.9 0.5 -184.7
23 0.5 0.6 284.5 58 0.2 0.6 -366.7
14 0.5 0.4 180.0 58 0.5 0.5 -283.2
80 0.9 0.3 64.6 37 0.1 0.4 -377.7
48 0.1 0.4 370.0 45 0.1 0.5 -7.0
66 0.0 0.0 231.7 86 0.9 0.2 -328.9
73 0.6 0.4 177.1 11 1.0 0.2 -59.5
48 0.0 0.1 28.2 96 0.9 0.1 -460.5
50 0.1 0.2 96.3 6 0.1 0.4 -14.1
48 0.3 0.2 310.5 72 0.3 0.1 -286.1
73 0.6 0.2 146.4 14 0.7 0.2 -229.3
92 0.5 0.2 232.3 10 0.1 0.1 -118.1
4 0.5 0.5 27.7 24 0.8 0.4 -479.1
18 0.8 0.2 51.7 86 1.0 0.6 -360.4
82 0.1 0.1 0.5 31 0.2 0.5 -79.4
5 0.4 0.3 162.7 77 0.9 0.2 -151.7
29 0.5 0.2 271.1 6 0.4 0.6 -418.0
18 0.1 0.5 36.2 53 0.9 0.5 -40.3
52 0.7 0.5 185.6 44 0.5 0.7 -452.2
67 0.6 0.1 491.4 69 0.9 0.1 -366.2
75 0.3 0.3 165.1 20 0.7 0.4 -42.2
91 0.9 0.2 60.6 14 1.0 0.5 -177.8
93 0.5 0.3 490.2 65 0.9 0.4 -433.3
65 0.8 0.3 225.2 55 0.4 0.1 -421.6
31 0.5 0.5 339.9 65 0.1 0.2 -205.5
79 0.7 0.4 244.5 52 0.0 0.1 -478.8
5 0.4 0.3 267.0 25 0.7 0.2 -115.1
88 0.8 0.4 273.6 60 0.4 0.5 -179.7
76 0.8 0.3 298.4 83 0.2 0.1 -170.9
95 0.5 0.4 32.2 12 0.5 0.3 -271.2
45 0.7 0.4 363.2 9 1.0 0.5 -109.3
10 0.7 0.2 94.4 12 0.6 0.1 -427.0
7 0.5 0.0 194.7 28 0.2 0.2 -168.6
17 0.3 0.4 271.7 18 0.3 0.3 -257.5
83 0.6 0.3 425.5 77 0.3 0.5 -339.5
64 0.6 0.1 255.0 92 0.9 0.1 -49.9
24 0.0 0.6 391.2 15 0.6 0.6 -411.1
44 0.8 0.7 321.2 80 0.2 0.6 -54.6
34 0.5 0.2 302.2 26 0.4 0.0 -300.7
43 0.5 0.7 237.1 73 0.6 0.3 -360.9
75 0.7 0.0 194.2 58 0.1 0.5 -471.0
24 0.5 0.3 455.2 37 0.5 0.4 -92.9
95 0.0 0.5 478.8 34 0.2 0.6 -424.2
5 0.0 0.1 87.5 63 0.9 0.1 -313.2
87 0.5 0.2 415.1 41 0.8 0.3 -216.1
27 0.2 0.6 206.5 7 0.2 0.1 -386.4
84 1.0 0.5 383.7 70 0.7 0.3 -433.5
16 0.4 0.2 95.2 62 0.4 0.3 -306.8
41 0.8 0.4 71.4 45 0.3 0.1 -330.3
37 0.6 0.3 193.5 15 0.6 0.4 -295.7
88 0.5 0.2 459.7 39 0.9 0.3 -122.9
23 0.3 0.7 52.1 76 0.1 0.2 -172.6
39 0.9 0.2 126.0 81 0.7 0.5 -329.0
11 0.8 0.2 442.3 92 0.6 0.6 -192.7
33 0.5 0.5 137.4 44 0.3 0.2 -334.6
33 0.3 0.4 318.6 82 0.6 0.3 -229.5
62 0.7 0.5 178.8 50 0.8 0.3 -408.0
97 0.9 0.2 217.2 81 0.9 0.2 -387.8
58 0.9 0.4 254.0 49 0.1 0.1 -46.2
3 0.8 0.2 389.3 1 0.3 0.1 -38.0
46 0.9 0.3 453.6 83 0.4 0.1 -438.3
19 0.6 0.5 430.2 32 0.2 0.0 -310.1
63 0.4 0.5 40.9 62 0.4 0.2 -418.0
23 0.7 0.1 413.7 7 0.7 0.3 -123.8
23 0.8 0.5 277.5 75 0.7 0.2 -442.2
60 0.9 0.4 295.9 96 0.3 0.5 -230.5
5 0.1 0.4 58.4 86 0.4 0.1 -384.2
19 0.4 0.5 188.6 92 0.6 0.1 -19.7
42 0.0 0.3 26.1 3 0.2 0.4 -453.9
49 0.2 0.6 48.7 29 0.7 0.4 -286.9
11 0.2 0.3 376.3 84 0.2 0.2 -397.0
12 0.5 0.1 0.1 3 0.5 0.4 -467.1
77 0.4 0.0 207.5 73 0.2 0.6 -285.7
44 0.7 0.5 230.9 2 0.9 0.1 -216.0
33 0.9 0.6 399.5 9 0.3 0.3 -266.0
88 0.5 0.2 341.7 24 0.2 0.3 -33.9
9 0.8 0.2 474.0 50 0.9 0.3 -379.5
53 0.4 0.2 302.3 1 0.4 0.5 -9.4
25 0.1 0.3 2.3 73 0.6 0.6 -152.0
7 0.9 0.4 493.7 96 0.0 0.7 -248.6
3 0.8 0.5 395.3 6 0.8 0.6 -138.0
87 0.5 0.5 108.0 67 1.0 0.7 -200.2
84 0.5 0.4 78.1 22 0.9 0.2 -200.1
61 0.2 0.1 191.5 35 0.7 0.5 -103.7
59 0.7 0.5 288.3 38 1.0 0.4 -381.1
3 0.3 0.4 78.0 18 0.3 0.3 -142.6
23 1.0 0.1 219.2 7 0.1 0.1 -11.0
22 0.9 0.6 160.1 33 0.5 0.0 -470.5
6 0.5 0.6 285.1 60 0.2 0.2 -381.0
96 0.1 0.4 410.0 45 0.7 0.3 -480.2
64 0.4 0.3 30.5 56 0.4 0.6 -164.7
31 0.2 0.1 131.9 92 0.2 0.7 -65.9
72 1.0 0.6 126.5 74 0.6 0.1 -275.4
44 0.4 0.3 419.9 51 0.0 0.3 -0.2
94 0.5 0.5 29.7 91 0.2 0.5 -322.6
66 0.9 0.3 105.8 51 0.4 0.6 -142.4
81 0.0 0.5 400.1 69 1.0 0.1 -57.8
73 0.5 0.5 213.4 90 0.5 0.7 -242.7
45 0.3 0.6 220.8 68 0.8 0.4 -39.9
6 0.7 0.4 39.6 35 0.9 0.6 -15.7
73 0.3 0.4 88.7 24 0.8 0.2 -288.0
35 0.3 0.6 360.7 32 0.0 0.2 -85.6
6 0.5 0.3 222.5 36 0.9 0.3 -327.4
66 0.3 0.1 23.7 16 0.7 0.0 -329.2
14 0.4 0.1 312.6 78 0.6 0.2 -88.5
92 0.5 0.2 270.0 95 0.9 0.1 -254.0
90 0.2 0.6 62.6 25 0.4 0.4 -410.1
78 0.4 0.2 124.5 74 0.1 0.6 -195.1
67 0.7 0.1 226.9 84 0.2 0.4 -183.6
85 0.9 0.5 104.4 29 0.5 0.3 -128.8
9 0.6 0.2 170.8 20 0.8 0.0 -481.1
45 0.7 0.4 364.1 22 0.4 0.4 -185.2
84 0.4 0.4 93.1 12 0.2 0.7 -488.6
8 0.2 0.4 18.0 35 0.5 0.2 -440.9
32 0.9 0.2 198.9 17 0.1 0.7 -137.3
45 0.3 0.3 197.7 5 0.3 0.1 -266.0
36 0.5 0.5 116.1 88 0.5 0.1 -156.9
17 0.8 0.7 210.9 55 0.9 0.2 -73.1
92 0.3 0.1 171.3 74 0.8 0.4 -112.5
13 0.2 0.3 137.5 33 0.8 0.5 -455.0
10 0.9 0.6 383.7 62 0.2 0.7 -385.3
44 0.4 0.3 309.5 28 0.2 0.1 -24.0
6 0.9 0.6 7.3 26 0.7 0.4 -121.9
17 0.7 0.0 165.0 64 0.5 0.1 -279.1
20 0.4 0.6 24.7 89 1.0 0.4 -180.4
89 0.8 0.1 461.8 10 0.7 0.2 -331.9
63 0.1 0.2 119.0 31 0.3 0.0 -414.9
24 0.1 0.5 187.8 11 0.2 0.6 -53.5
67 0.3 0.5 464.4 41 0.3 0.4 -391.8
21 0.3 0.1 89.7 3 0.2 0.4 -452.7
11 0.5 0.2 83.4 24 0.2 0.1 -302.8
60 0.8 0.3 77.4 51 0.7 0.2 -329.7
83 0.5 0.0 409.3 74 0.2 0.2 -420.4
13 0.7 0.3 77.1 87 0.7 0.5 -242.3
79 0.6 0.0 456.8 19 0.4 0.1 -21.2
20 0.1 0.4 334.4 70 0.7 0.4 -276.3
19 0.7 0.7 250.8 34 0.2 0.1 -127.6
19 0.4 0.5 300.2 60 0.5 0.3 -292.2
18 0.2 0.1 285.6 85 0.0 0.4 -394.6
59 0.5 0.6 299.5 88 0.4 0.2 -154.3
38 0.5 0.1 114.8 23 0.1 0.4 -193.0
12 0.1 0.2 145.8 13 0.9 0.7 -189.0
50 0.3 0.2 86.7 12 0.8 0.4 -233.9
10 0.9 0.4 61.4 42 0.1 0.6 -432.2
28 0.4 0.5 310.6 34 0.9 0.3 -0.3
36 0.1 0.1 10.5 60 0.5 0.6 -338.8
90 0.3 0.4 24.3 56 0.4 0.3 -222.1
55 0.7 0.6 300.4 9 0.6 0.1 -454.6
26 0.6 0.0 437.6 36 1.0 0.4 -74.1
21 0.2 0.2 234.2 62 0.0 0.4 -288.2
27 0.5 0.5 198.5 70 0.9 0.6 -230.8
88 0.4 0.4 258.1 93 0.7 0.3 -428.5
77 0.5 0.5 403.8 47 0.4 0.4 -140.0
4 0.0 0.6 482.9 88 0.4 0.6 -11.1
42 0.6 0.6 381.2 35 0.9 0.6 -49.1
56 1.0 0.4 331.9 18 0.4 0.4 -329.5
71 0.8 0.4 86.5 61 0.1 0.3 -43.3
6 0.2 0.5 278.7 46 0.1 0.3 -391.9
7 0.8 0.2 195.2 42 0.2 0.6 -412.3
72 1.0 0.2 462.0 59 0.5 0.0 -150.0
45 0.8 0.1 324.9 80 0.8 0.2 -29.1
58 0.1 0.2 153.9 25 0.7 0.1 -139.5
73 0.9 0.1 120.4 35 0.2 0.3 -479.4
51 0.8 0.0 5.6 15 0.1 0.1 -217.0
61 0.7 0.6 383.2 49 0.5 0.6 -268.0
31 0.8 0.1 307.3 54 0.9 0.6 -99.5
74 0.4 0.7 337.0 19 0.4 0.0 -29.7
91 0.7 0.6 180.9 18 0.3 0.6 -97.0
49 0.7 0.3 407.6 47 0.4 0.4 -21.5
51 0.7 0.7 298.8 36 0.0 0.6 -424.2
42 0.3 0.5 79.0 29 0.1 0.7 -85.8
96 0.3 0.7 233.5 80 0.2 0.2 -378.1
26 0.8 0.1 321.1 37 0.3 0.3 -46.6
56 1.0 0.0 23.9 39 0.3 0.0 -284.7
94 0.3 0.1 444.7 72 0.8 0.7 -314.8
67 0.5 0.1 363.4 65 0.5 0.3 -130.6
81 1.0 0.7 194.2 65 1.0 0.7 -84.7
17 0.5 0.1 293.5 77 0.0 0.6 -281.6
47 0.6 0.2 318.0 21 0.3 0.7 -286.1
14 0.9 0.7 407.1 27 0.8 0.5 -237.7
89 0.1 0.2 402.9 87 0.7 0.4 -33.3
10 0.4 0.6 10.6 66 1.0 0.1 -138.9
17 0.4 0.4 262.4 8 0.4 0.3 -242.6
84 0.8 0.4 68.5 40 0.6 0.1 -490.3
53 0.1 0.7 163.4 20 0.4 0.1 -417.8
5 1.0 0.6 406.9 87 0.6 0.5 -354.3
85 0.0 0.0 435.6 16 0.9 0.4 -323.8
72 0.3 0.5 416.7 9 0.0 0.3 -334.1
81 0.8 0.5 121.0 68 0.3 0.5 -465.3
