86
1 F
2 N
3 F
4 N
5 N
6 F
7 N
8 N
9 N
10 F
11 F
12 N
13 N
14 N
15 F
16 N
17 N
18 N
19 N
20 N
21 N
22 N
23 N
24 F
25 F
26 N
27 N
28 F
29 N
30 N
31 N
32 N
33 N
34 F
35 N
36 N
37 N
38 N
39 N
40 N
41 N
42 N
43 N
44 N
45 N
46 N
47 N
48 N
49 N
50 N
51 N
52 N
53 N
54 N
55 N
56 N
57 N
58 F
59 N
60 N
61 N
62 N
63 F
64 N
65 N
66 N
67 N
68 F
69 N
70 N
71 N
72 N
73 N
74 N
75 F
76 F
77 N
78 N
79 N
80 F
81 N
82 N
83 N
84 F
85 N
86 F
172
34 0.1 0.6 289.0 44 0.6 0.4 -36.9
41 0.3 0.2 289.2 27 0.5 0.6 -385.8
76 0.2 0.5 207.9 86 0.0 0.3 -182.8
85 0.3 0.4 253.4 50 0.8 0.0 -217.7
27 0.3 0.5 405.2 64 0.0 0.3 -232.6
49 1.0 0.5 128.0 48 0.8 0.3 -259.8
12 0.1 0.4 8.6 31 0.7 0.7 -0.5
35 0.5 0.5 22.5 30 0.1 0.6 -22.1
33 0.5 0.3 116.3 47 0.5 0.6 -1.4
74 0.4 0.6 71.3 14 0.1 0.2 -289.6
41 0.3 0.4 422.5 60 0.0 0.3 -214.2
63 0.1 0.5 463.0 44 0.6 0.1 -265.1
37 0.5 0.1 121.7 7 0.2 0.5 -263.7
64 0.2 0.6 279.4 10 0.7 0.5 -55.8
5 0.4 0.5 311.8 33 0.2 0.3 -283.3
16 0.7 0.1 96.8 42 0.1 0.4 -186.4
69 0.2 0.1 446.9 47 0.1 0.6 -70.2
79 0.4 0.6 335.1 66 0.3 0.1 -59.2
52 0.6 0.7 444.1 61 0.2 0.5 -378.0
55 0.3 0.3 255.8 8 0.2 0.6 -349.7
26 0.2 0.7 110.6 74 0.9 0.5 -271.8
48 0.1 0.7 325.4 79 0.3 0.1 -467.2
76 0.3 0.6 328.8 29 0.5 0.6 -62.2
57 0.3 0.5 393.6 36 0.8 0.7 -418.5
47 0.4 0.6 121.6 81 0.8 0.3 -453.8
57 0.8 0.6 354.4 34 0.2 0.5 -118.7
2 1.0 0.3 180.6 67 0.9 0.0 -142.0
77 0.4 0.1 471.1 20 0.8 0.6 -309.8
14 0.4 0.6 321.7 75 0.4 0.2 -244.0
30 0.1 0.2 473.2 35 0.7 0.5 -367.7
5 0.7 0.3 153.5 17 0.7 0.3 -394.2
22 0.0 0.1 479.4 86 0.9 0.7 -248.2
15 0.8 0.4 74.0 26 0.1 0.3 -199.7
49 0.7 0.5 429.1 72 0.8 0.5 -402.9
66 0.4 0.3 249.9 79 0.2 0.3 -68.0
15 0.3 0.2 419.1 71 0.0 0.4 -450.7
64 0.8 0.7 461.2 16 0.1 0.3 -366.4
8 0.2 0.4 358.5 18 0.6 0.3 -158.1
50 0.9 0.2 488.6 15 0.1 0.4 -276.3
77 0.6 0.2 360.1 85 0.7 0.2 -48.9
21 0.1 0.6 481.3 47 0.3 0.7 -287.1
31 0.7 0.6 57.8 54 0.7 0.6 -329.7
22 0.4 0.6 24.1 78 0.7 0.2 -168.8
80 0.6 0.0 54.3 20 0.2 0.5 -406.4
23 0.7 0.1 238.2 81 0.6 0.7 -224.4
3 0.5 0.4 470.2 47 0.9 0.5 -352.9
16 0.5 0.5 164.4 78 0.6 0.2 -409.1
28 0.9 0.7 432.3 13 0.7 0.1 -71.8
32 0.8 0.5 336.4 76 0.0 0.4 -389.9
19 0.4 0.4 89.8 73 0.7 0.6 -191.8
6 0.3 0.1 47.8 24 0.8 0.6 -32.2
79 0.0 0.7 493.1 7 0.0 0.6 -66.3
35 0.0 0.5 147.0 65 0.2 0.6 -228.6
77 0.8 0.5 176.4 32 0.4 0.1 -241.0
69 0.2 0.6 38.5 8 0.6 0.1 -432.1
35 0.6 0.3 444.1 63 0.1 0.1 -18.6
61 0.4 0.2 155.8 75 1.0 0.0 -362.6
43 0.5 0.4 270.1 80 0.4 0.6 -332.9
57 0.5 0.1 439.7 38 0.3 0.1 -385.5
86 0.5 0.6 443.7 39 0.5 0.1 -173.7
73 0.0 0.6 94.1 50 0.9 0.4 -353.5
84 0.9 0.1 248.1 34 0.1 0.2 -293.3
5 0.4 0.1 400.2 45 0.8 0.3 -391.7
24 0.1 0.3 70.5 57 0.7 0.3 -371.0
72 0.2 0.3 81.4 52 0.4 0.1 -84.4
25 0.8 0.3 471.7 59 0.8 0.2 -347.2
12 0.9 0.1 157.3 56 0.5 0.7 -71.8
59 0.9 0.6 423.9 71 0.0 0.5 -463.9
68 0.5 0.2 229.7 31 0.3 0.1 -317.0
38 0.8 0.5 330.7 22 0.6 0.5 -32.7
11 0.6 0.1 494.9 59 0.9 0.1 -409.1
25 0.6 0.6 464.2 75 0.2 0.4 -284.3
32 0.4 0.1 272.5 73 0.4 0.5 -478.4
29 0.9 0.3 367.8 41 0.7 0.3 -437.6
67 0.8 0.2 498.1 84 0.7 0.2 -100.5
53 0.7 0.5 337.5 6 0.5 0.4 -24.4
61 0.0 0.6 242.6 26 0.0 0.2 -340.1
4 0.6 0.3 196.4 55 0.5 0.6 -376.1
60 0.6 0.1 133.8 84 0.7 0.1 -169.2
61 0.7 0.6 325.0 5 0.4 0.5 -146.1
40 0.2 0.5 350.7 6 0.5 0.3 -377.3
34 0.9 0.5 306.2 32 0.5 0.1 -413.3
27 0.2 0.1 114.2 71 0.0 0.4 -475.2
5 0.0 0.7 63.2 48 0.2 0.3 -394.5
5 0.5 0.6 75.5 59 0.2 0.2 -74.2
41 0.3 0.4 104.0 74 0.2 0.0 -419.2
66 0.5 0.3 415.5 55 0.1 0.2 -360.0
81 0.6 0.5 293.4 79 0.0 0.7 -198.0
41 0.9 0.1 70.1 53 0.9 0.3 -282.7
24 0.0 0.1 139.0 25 0.8 0.7 -92.1
31 0.7 0.5 224.2 73 0.5 0.3 -368.8
72 0.8 0.3 122.1 71 0.5 0.6 -173.8
57 0.8 0.2 319.7 53 0.7 0.5 -442.5
33 0.2 0.3 428.7 21 0.3 0.3 -134.2
79 0.5 0.5 464.8 21 0.3 0.4 -311.3
44 0.5 0.1 107.6 63 0.2 0.5 -130.4
25 0.2 0.4 45.6 33 0.0 0.2 -26.9
72 0.8 0.6 126.3 70 0.4 0.6 -488.9
13 0.3 0.7 432.5 11 0.3 0.5 -347.0
8 0.1 0.5 428.5 30 0.1 0.3 -367.0
14 0.3 0.5 151.8 54 0.9 0.7 -0.4
84 0.8 0.6 453.4 65 0.3 0.2 -260.8
84 0.7 0.0 403.7 68 0.7 0.5 -316.4
38 0.6 0.2 442.7 32 0.2 0.4 -208.0
44 0.1 0.2 38.0 11 0.9 0.6 -350.2
18 1.0 0.2 367.2 72 0.7 0.2 -134.9
57 0.6 0.6 437.6 58 0.7 0.1 -188.5
68 0.0 0.6 104.4 4 0.9 0.7 -88.2
24 0.9 0.3 372.9 84 0.1 0.4 -390.0
75 0.4 0.4 332.4 20 0.7 0.3 -293.9
58 0.8 0.2 397.7 32 0.6 0.5 -241.8
66 0.4 0.5 478.2 38 0.1 0.6 -114.6
74 0.6 0.2 418.7 10 0.8 0.4 -33.6
32 0.8 0.5 331.7 19 0.1 0.3 -492.1
40 0.6 0.1 32.9 37 0.9 0.3 -468.9
14 0.6 0.7 467.2 43 0.4 0.4 -372.4
7 0.4 0.5 235.8 37 0.9 0.0 -90.4
13 0.2 0.3 368.3 24 0.2 0.0 -99.0
85 0.8 0.2 243.0 53 0.7 0.4 -159.4
52 0.4 0.0 362.9 38 0.8 0.5 -325.0
2 0.5 0.4 62.5 39 0.5 0.3 -348.5
45 0.4 0.1 197.7 21 0.4 0.4 -56.0
81 1.0 0.2 429.1 71 0.6 0.1 -205.1
62 0.1 0.1 420.7 51 0.8 0.5 -467.5
59 0.7 0.3 371.6 8 0.6 0.5 -290.2
10 0.2 0.3 364.0 19 0.6 0.2 -306.5
29 0.6 0.3 88.0 4 1.0 0.1 -358.1
64 0.2 0.6 373.0 78 0.9 0.2 -441.8
29 0.6 0.1 40.9 4 0.3 0.6 -213.6
52 0.8 0.4 316.1 85 0.4 0.1 -364.0
61 0.1 0.5 52.4 18 0.4 0.6 -479.0
84 0.5 0.3 109.7 33 0.9 0.3 -105.3
20 0.3 0.2 249.2 70 0.1 0.3 -332.3
40 0.8 0.2 439.8 5 0.4 0.1 -268.1
56 0.3 0.1 3.8 66 0.8 0.2 -216.3
48 0.6 0.2 181.8 18 0.9 0.1 -55.9
13 0.9 0.4 114.1 55 0.3 0.6 -73.1
79 0.6 0.1 257.8 16 0.7 0.3 -248.9
55 0.9 0.0 99.2 44 0.3 0.3 -86.2
22 0.7 0.4 317.4 39 0.7 0.6 -373.6
12 0.2 0.6 230.8 56 1.0 0.6 -309.0
32 0.1 0.2 329.2 71 0.0 0.3 -475.9
66 0.0 0.4 247.3 2 0.8 0.6 -43.7
50 0.4 0.5 288.1 21 1.0 0.4 -317.2
44 0.3 0.7 145.6 15 0.2 0.0 -132.4
48 0.1 0.2 17.5 33 0.5 0.4 -307.0
50 0.2 0.1 248.9 83 0.5 0.1 -379.7
12 0.6 0.3 215.4 29 1.0 0.1 -438.3
43 0.3 0.1 407.3 13 0.8 0.3 -5.9
11 0.1 0.5 290.7 4 0.7 0.3 -476.5
16 0.7 0.1 183.0 73 0.6 0.6 -125.2
28 0.8 0.4 271.0 46 0.9 0.1 -26.4
57 0.7 0.1 186.0 65 0.5 0.6 -218.5
68 0.6 0.3 75.5 56 0.4 0.6 -171.1
28 0.5 0.2 67.3 45 0.6 0.0 -101.7
86 0.5 0.3 198.6 24 0.5 0.3 -487.7
67 0.3 0.7 24.1 70 0.6 0.4 -24.2
33 0.1 0.2 401.0 27 0.7 0.5 -432.2
2 0.8 0.6 455.4 81 0.1 0.5 -322.4
13 0.1 0.5 167.7 61 0.7 0.0 -181.9
32 0.3 0.6 100.3 79 1.0 0.4 -150.4
12 0.1 0.4 143.6 43 0.9 0.7 -305.0
19 0.2 0.6 252.1 49 0.7 0.0 -126.9
12 0.2 0.6 160.3 19 0.8 0.3 -398.2
49 0.1 0.6 433.7 55 0.0 0.6 -29.2
58 0.1 0.1 117.2 30 0.6 0.6 -109.7
81 0.2 0.5 127.8 57 0.7 0.2 -217.5
45 0.5 0.5 393.5 62 0.4 0.7 -44.1
38 0.5 0.2 235.6 47 0.7 0.3 -135.7
46 0.1 0.5 47.6 76 0.9 0.5 -162.8
17 0.3 0.2 1.6 37 0.3 0.5 -158.3
33 0.4 0.2 192.7 32 0.0 0.5 -243.1
